ID	ww_ave_yield
446412118	1281.974839
447212122	1189.660645
447712097	918.7983871
447712102	1107.428065
448511702	3943.987742
448511706	3807.536129
448511710	3845.720968
448911702	3884.164194
448911706	3826.34871
448911710	3769.49129
448911714	3816.810968
448912131	1162.267419
449311702	4370.17
449311714	4270.018065
449712089	1485.145484
450212106	1594.729032
450212114	1929.296129
450611985	2541.890323
450611997	3395.390645
450612014	2819.075484
450612018	2636.162903
450612022	2492.337097
450612027	2151.847742
450612085	1345.349677
451011989	2169.888387
451011997	2413.075484
451012014	2144.817742
451012018	2109.303548
451012022	2060.456774
451012027	2063.91871
451012031	2099.723226
451012035	2209.330968
451012039	2390.67871
451012064	1406.49
451012068	1416.376774
451012072	1374.164839
451012077	1396.294839
451012081	1360.919677
451012085	1334.411935
451012089	1343.89129
451012114	1155.336129
451012118	1325.900323
451012122	1378.700645
451012127	1401.005484
451012131	1366.997097
451012135	1383.538387
451411785	3593.053871
451412022	1813.741613
451412027	1916.868387
451412031	1840.629677
451412035	2092.266452
451412039	2099.327097
451412060	1354.568387
451412064	1376.502903
451412068	1392.062258
451412072	1373.579032
451412077	1358.378065
451412081	1363.995161
451412085	1373.833871
451412089	1432.954839
451412114	1232.001935
451412118	1325.01
451412122	1344.775161
451412127	1363.983226
451412131	1361.486129
451412135	1363.71129
451811777	3882.041613
451811781	5619.024839
451811785	3623.196774
451811789	3363.550968
451812002	1745.01
451812006	1936.98129
451812010	1582.03129
451812014	1563.48
451812018	1521.247097
451812022	1543.126452
451812027	1546.414839
451812060	1434.57871
451812064	1381.092258
451812068	1362.73129
451812072	1360.489355
451812077	1373.163871
451812081	1382.539032
451812085	1410.573871
451812102	1335.581613
451812110	1084.912903
451812114	1223.490645
451812118	1279.842903
451812122	1290.522903
451812127	1314.666774
451812131	1348.317097
452211777	4055.43129
452211781	5041.477742
452211785	2910.720645
452211789	1878.645484
452211793	2537.982258
452211798	2588.183226
452211802	2496.82
452211968	1628.532903
452211972	1832.729355
452211977	2320.624839
452211981	2422.41
452211989	2366.986774
452211993	2056.175161
452212002	1471.894839
452212006	1513.081613
452212010	1553.084194
452212014	1571.580968
452212018	1581.694194
452212022	1605.280323
452212027	1659.604516
452212035	1828.43
452212047	1687.563226
452212060	1441.145484
452212064	1344.716452
452212068	1360.072581
452212072	1337.783548
452212077	1363.573548
452212081	1383.923871
452212110	1064.939355
452212114	1158.55
452212118	1197.681613
452212122	1249.614516
452711781	4817.055161
452711785	4037.367742
452711789	2323.023548
452711793	1940.584516
452711798	1834.738387
452711802	1815.56
452711956	2360.625161
452711960	2251.727419
452711964	2014.775484
452711968	1826.050968
452711972	1543.132258
452711977	1614.025806
452711981	1573.552903
452711985	1518.913548
452711989	1507.354516
452711993	1774.423226
452711997	1749.012258
452712006	1473.627419
452712010	1527.073226
452712014	1540.865484
452712018	1568.999032
452712022	1592.92129
452712027	1642.449355
452712031	1656.449032
452712035	1670.313871
452712039	1663.26129
452712047	1561.264839
452712052	1410.319677
452712064	1378.100968
452712068	1381.141613
452712072	1357.265806
452712077	1421.976129
452712085	1597.208065
452712093	1613.33129
452712106	2403.684516
452712114	2585.59129
452712118	2595.022581
452712122	1231.135806
453111681	4828.351935
453111702	5695.344516
453111706	5758.950323
453111710	5054.565806
453111714	4991.545806
453111718	5150.53871
453111777	4618.23129
453111781	5208.25871
453111785	3705.814839
453111789	2969.395161
453111793	2347.740645
453111798	2105.364839
453111802	2152.188387
453111806	2739.523226
453111952	2167.033226
453111956	2152.359355
453111960	2307.469355
453111964	1798.631935
453111968	1604.947742
453111972	1495.964839
453111977	1470.02129
453111981	1405.814194
453111985	1376.956452
453111989	1369.720968
453111993	1358.72129
453111997	1346.528065
453112002	1402.176452
453112014	1499.430968
453112018	1518.182581
453112022	1497.435161
453112027	1557.28129
453112031	1547.684194
453112035	1573.059355
453112039	1527.422581
453112047	1460.117742
453112056	1299.847419
453112060	1449.876452
453112064	1438.335484
453112068	1420.256452
453112072	1409.597097
453112077	1540.80871
453112081	1590.274839
453112085	1631.288065
453112089	1622.661613
453112106	1524.49
453112110	1420.66871
453112114	1384.663226
453112118	1403.074516
453112122	1429.325806
453511681	3694.749032
453511702	3722.971613
453511710	4905.834516
453511714	4737.357097
453511718	4680.26129
453511723	4668.304516
453511727	4770.910645
453511781	4689.817742
453511785	3654.49871
453511789	3936.739677
453511793	3693.646129
453511798	2734.829677
453511802	2604.505484
453511806	2867.08871
453511810	4443.867419
453511898	3037.930968
453511927	2461.090645
453511935	2464.215806
453511943	2343.791613
453511948	2122.106129
453511952	2075.113226
453511956	1882.450968
453511960	1771.892903
453511964	1698.559677
453511968	1567.206774
453511972	1482.484516
453511977	1383.819677
453511981	1345.090645
453511985	1322.542581
453511989	1317.472903
453511993	1300.529677
453511997	1527.626129
453512002	1319.61
453512006	1590.992258
453512010	1948.571935
453512014	2205.905806
453512018	2237.628065
453512022	2092.383226
453512027	1405.386129
453512031	1411.863548
453512035	1527.644839
453512043	1968.458387
453512056	1296.617097
453512064	1431.58871
453512068	1391.545806
453512072	1403.490645
453512077	1515.250323
453512081	1585.659032
453512085	1443.929355
453512089	1412.184194
453512106	1500.37871
453512110	1420.784194
453512114	1400.636774
453512118	1431.425806
453911714	4540.76129
453911718	4312.728065
453911723	4288.045161
453911727	3583.421935
453911731	3855.126774
453911785	6569.426129
453911789	4777.784194
453911793	3891.672581
453911798	3826.733548
453911802	3260.750323
453911806	3333.942903
453911877	3333.81871
453911881	3320.998065
453911885	4820.245806
453911889	3184.607419
453911898	3031.288065
453911910	2689.971935
453911927	2513.633548
453911943	2572.629032
453911948	2403.733871
453911952	1950.210645
453911956	1819.465484
453911960	1663.848065
453911964	1570.942581
453911968	1449.506452
453911972	1402.342903
453911977	1352.338065
453911981	1378.533226
453911985	1510.138065
453911989	1539.237097
453911993	1508.708065
453911997	1439.246774
453912002	1605.730968
453912006	1591.101613
453912014	2092.567097
453912018	2066.452581
453912022	1926.006452
453912027	1949.345806
453912035	2035.707419
453912039	2144.863226
453912043	1956.125484
453912047	1816.995161
453912056	2180.746774
453912060	2441.745806
453912064	2668.350645
453912068	1369.611935
453912072	1345.206452
453912077	1472.305161
453912081	1627.576452
453912093	1481.561935
453912097	1497.815161
453912102	1515.46
453912106	1374.469355
453912110	1360.66
453912114	1410.536129
453912118	3768.932258
454311677	5351.076129
454311706	3352.834194
454311710	3072.710323
454311714	3017.180645
454311718	4369.960968
454311723	2799.830645
454311727	2511.412258
454311731	2777.124516
454311735	2916.781613
454311793	4305.612581
454311798	3906.335161
454311802	3598.747742
454311806	3972.102581
454311881	3351.942581
454311885	2751.319032
454311931	2245.977097
454311943	1881.370968
454311948	1841.763871
454311952	1817.254516
454311956	1792.210968
454311960	1676.126774
454311964	1494.447419
454311968	1254.312258
454311972	1157.916452
454311977	1152.882258
454311981	1365.946452
454311985	1463.741935
454311989	1458.776774
454311993	1413.741613
454311997	1315.846129
454312002	1505.75871
454312006	1607.753548
454312010	1505.017419
454312014	1715.107742
454312018	1779.159677
454312022	1716.14871
454312027	1690.190968
454312031	1599.673548
454312035	1713.046452
454312039	1611.673871
454312043	1718.955161
454312047	1631.376774
454312056	2280.106452
454312060	2333.292258
454312064	2412.82129
454312068	2308.770323
454312072	2235.862903
454312077	2618.892258
454312081	3127.224194
454312089	1352.254194
454312093	1489.686129
454312097	1528.714839
454312102	1434.925806
454312106	1339.359032
454312110	1325.782258
454312114	3100.62129
454711706	3360.840645
454711714	2930.733871
454711718	2832.493548
454711723	2816.407419
454711727	2663.634516
454711731	2752.492581
454711735	2565.178065
454711739	2522.05129
454711743	2730.605161
454711793	5049.392258
454711798	4175.543871
454711802	4181.065806
454711806	5251.890968
454711868	3204.815806
454711873	2856.233871
454711877	2368.432581
454711881	1966.367097
454711885	1943.691935
454711889	2184.869355
454711893	2432.058387
454711898	2735.243871
454711902	3029.47129
454711935	2022.944839
454711943	1821.49871
454711948	1666.078065
454711952	1631.03129
454711956	1689.373548
454711960	1651.116129
454711964	1383.43
454711968	1279.447097
454711972	1113.91871
454711977	1054.79871
454711981	1301.15129
454711985	1220.05871
454711989	1217.602258
454711993	1320.32871
454711997	1321.817742
454712002	1296.360645
454712006	1424.510323
454712010	1528.842903
454712014	1485.336452
454712018	1437.893548
454712022	1494.512258
454712027	1491.021935
454712031	1423.516774
454712035	1395.369355
454712039	1317.695484
454712052	1788.267742
454712056	2043.520968
454712060	2094.569032
454712064	2146.971613
454712068	2057.383548
454712072	2110.757419
454712077	2494.324194
454712081	2573.334516
454712085	1261.999355
454712089	1385.336129
454712093	1465.333226
454712097	3954.177742
454712102	1331.219032
454712106	1692.186774
454712110	3119.836129
454712114	3312.327097
454712118	3062.826774
455211706	3210.646774
455211710	2761.979677
455211714	2893.766129
455211718	2887.183226
455211723	2776.965484
455211727	2756.245161
455211731	3066.587097
455211735	2903.314516
455211739	2883.777097
455211743	3186.263871
455211748	3366.185806
455211781	4268.077742
455211785	4260.832258
455211789	4180.814516
455211793	4097.58871
455211798	4423.720645
455211802	4530.257419
455211806	5412.131613
455211868	3735.326774
455211873	2337.812903
455211877	1959.996452
455211881	1898.93129
455211885	1800.758065
455211889	2005.055806
455211893	2292.757742
455211898	2595.614194
455211902	2834.705806
455211906	2917.488387
455211910	2676.607742
455211914	2368.593871
455211939	1699.607419
455211943	1455.88
455211948	1463.733226
455211952	1395.414839
455211956	1288.239355
455211960	1189.68
455211964	1082.387097
455211968	1091.015161
455211972	1121.839677
455211977	1261.2
455211981	1192.935484
455211985	1174.347097
455211989	1098.373871
455211993	1068.923226
455211997	1154.987419
455212002	1226.26871
455212006	1235.154194
455212010	1304.02871
455212014	1393.023871
455212018	1341.208065
455212022	1267.029032
455212027	1315.070645
455212031	1312.867742
455212035	1225.874194
455212043	1658.37129
455212047	1829.292258
455212052	1936.78871
455212056	2040.186774
455212060	2006.126774
455212064	2106.211935
455212068	2176.194839
455212072	2400.194839
455212077	2569.991935
455212081	2313.458387
455212085	2117.637419
455212089	2683.720323
455212093	3537.686774
455212097	3670.590968
455212102	3781.169355
455212106	3816.510968
455212110	3757.21129
455212114	4005.40871
455611710	2736.634194
455611714	2827.735806
455611718	3108.676452
455611723	2888.002581
455611731	3445.713871
455611735	3268.821935
455611739	3273.130968
455611743	2530.465806
455611748	4046.119355
455611752	3839.950323
455611756	4198.642258
455611781	4133.531935
455611785	4170.23129
455611789	4136.113226
455611793	5741.284194
455611864	3355.434516
455611868	3497.007419
455611873	2249.432581
455611877	1865.860968
455611881	1735.887419
455611885	1662.349677
455611889	1708.753548
455611893	1851.244194
455611898	2066.622258
455611902	2029.31871
455611906	1811.622581
455611910	2068.712903
455611914	1619.780968
455611918	1495.986774
455611923	1475.878387
455611927	1492.735484
455611931	1437.919355
455611935	1405.529032
455611939	1291.363548
455611943	1149.977097
455611948	1188.167097
455611952	1135.79129
455611956	1085.772903
455611960	1030.770323
455611964	963.9390323
455611968	953.6106452
455611972	1067.992258
455611977	1255.685806
455611981	1130.139032
455611985	1000.358387
455611989	975.4767742
455611993	980.2293548
455611997	1064.578065
455612002	1120.732258
455612006	1123.636774
455612010	1644.27
455612014	1841.493548
455612018	1384.035161
455612022	1320.146774
455612027	1277.075806
455612031	1269.906774
455612035	1274.844516
455612039	1295.320323
455612043	1463.293226
455612047	1764.327419
455612052	2075.282258
455612056	2251.761613
455612060	2288.179032
455612064	2313.85
455612068	2394.934839
455612072	2440.184194
455612077	2415.902581
455612081	2373.294194
455612085	2437.358065
455612089	2766.731935
455612093	3613.093548
455612097	4072.150968
455612102	4286.494516
455612106	4279.754839
455612110	4271.284194
455612114	4407.721935
456011714	2843.369032
456011743	2766.93871
456011748	2564.570968
456011752	2468.587419
456011756	3419.477742
456011777	3856.82129
456011781	3963.871613
456011785	4113.340968
456011789	4041.738065
456011864	4097.949355
456011868	2641.327419
456011873	2238.573548
456011877	2007.145161
456011881	1774.263226
456011893	1726.533548
456011898	1842.389355
456011902	1764.52
456011906	1573.195484
456011910	1507.437097
456011914	1641.216452
456011918	1352.223548
456011923	1378.48129
456011927	1391.633871
456011931	1359.433871
456011935	1212.116129
456011939	1163.506774
456011943	1072.724839
456011948	1065.345484
456011952	1031.902581
456011956	1602.118065
456011960	1552.902258
456011964	1419.465484
456011968	880.6364516
456011972	962.4567742
456011977	1021.823871
456011981	939.1351613
456011985	894.153871
456011989	1407.01871
456011993	1415.240323
456011997	1013.938387
456012002	1051.590323
456012006	1537.675484
456012010	1588.364194
456012014	1800.046774
456012018	1370.275484
456012022	1415.242258
456012027	1419.637742
456012031	1548.498387
456012035	1456.575484
456012039	1502.84
456012043	1437.385806
456012047	1668.425161
456012052	2064.982581
456012056	2238.223548
456012060	2349.201613
456012064	2361.723226
456012068	2278.840968
456012072	2225.489355
456012077	2272.34129
456012081	2437
456012085	2814.858065
456012089	3038.042581
456012093	3866.626774
456012097	4166.599355
456012102	4284.630323
456012106	4276.397097
456012110	4081.290645
456411706	3125.294516
456411710	3141.933871
456411748	2737.575484
456411777	3858.752903
456411781	3873.542903
456411785	5636.736129
456411852	3663.204516
456411856	4404.463226
456411860	3563.307742
456411864	2920.821613
456411868	2418.607742
456411873	2172.721613
456411877	2020.332903
456411881	1806.979677
456411885	1679.576452
456411889	1586.602581
456411893	1609.725161
456411898	1455.100968
456411902	1515.825484
456411906	1398.867742
456411910	1340.105161
456411914	1383.532581
456411918	1333.813226
456411923	1219.84871
456411927	1146.782903
456411931	1257.253548
456411935	1016.10129
456411939	1009.023226
456411943	1017.872903
456411948	1034.424194
456411952	1525.949355
456411956	1478.697742
456411960	1427.863871
456411964	1348.676774
456411968	1312.360968
456411972	864.7770968
456411977	1309.600645
456411981	1292.441935
456411985	1282.619355
456411989	1319.373871
456411993	1336.370323
456411997	1370.570323
456412002	1521.117419
456412006	1546.252581
456412010	1638.718065
456412014	1849.813871
456412018	1469.59129
456412022	1600.377419
456412027	1610.98
456412031	1670.497742
456412035	1578.975484
456412039	1616.070968
456412043	1675.297419
456412047	1549.69129
456412052	1748.456129
456412056	2030.660323
456412060	2322.363871
456412064	2325.253548
456412068	2212.290968
456412072	2222.823226
456412077	2284.09129
456412081	2351.461935
456412085	2496.423226
456412093	3174.029032
456412097	2961.127742
456412102	3507.224194
456412106	3988.414194
456811623	4598.520323
456811631	2926.868065
456811635	3382.239355
456811706	2725.078065
456811710	2636.641613
456811714	3288.510323
456811785	5522.952903
456811789	5601.928065
456811848	3505.034839
456811852	3176.402903
456811856	2694.24871
456811860	3377.276129
456811864	3112.039355
456811868	2727.371935
456811873	2290.017419
456811877	2150.365806
456811881	1984.185806
456811885	1676.173871
456811889	1779.896452
456811893	1878.656774
456811898	1648.575161
456811902	1361.783548
456811906	1375.599032
456811910	1246.865484
456811914	1186.575484
456811918	1169.874194
456811927	2197.145161
456811931	2063.106774
456811935	2035.751613
456811939	916.1222581
456811943	1003.297419
456811948	1022.743871
456811952	901.6606452
456811956	1367.425806
456811960	1347.529355
456811964	1283.822581
456811968	1268.60871
456811977	1239.350645
456811997	1341.23871
456812002	1398.058065
456812006	1532.764839
456812018	1512.071613
456812022	1564.332903
456812027	1533.153871
456812031	1558.666129
456812035	1463.743226
456812039	1410.370645
456812043	1489.147742
456812047	1520.754839
456812052	1755.825161
456812056	2094.619032
456812060	2305.475806
456812064	2586.526452
456812068	2316.079677
456812072	2077.623548
456812077	2175.823871
456812081	1668.248065
456812089	3074.537097
456812093	3100.021613
456812097	3096.000968
456812102	2090.182258
457211623	4743.174194
457211627	4136.137419
457211789	5640.732258
457211839	7121.043871
457211843	3742.283548
457211848	6354.042903
457211852	5247.24871
457211856	4034.414516
457211860	3408.228065
457211864	3360.130968
457211868	3178.086452
457211873	2923.955806
457211877	2572.197742
457211881	2073.865806
457211885	1828.354839
457211889	1725.450968
457211893	1622.696774
457211898	1523.072258
457211902	1418.734839
457211906	1323.687742
457211910	1296.221935
457211914	1205.037742
457211918	997.4909677
457211927	2026.865484
457211935	1957.024839
457211939	875.803871
457211943	898.5864516
457211948	1409.955484
457211952	1259.735806
457211956	1244.804839
457211964	1781.016774
457211985	1785.761935
457211989	1792.129677
457212022	1282.676452
457212027	1376.333226
457212031	1413.008387
457212035	1454.646452
457212039	1724.568065
457212043	1867.37
457212047	2312.873226
457212052	2217.645161
457212056	2149.188387
457212060	2223.77
457212081	3070.842581
457212085	4173.932258
457212089	4128.26129
457212093	4089.585161
457212097	4067.325161
457212102	3383.034516
457212106	4480.126774
457711623	4774.032903
457711627	3992.929355
457711839	3536.223548
457711843	5874.398387
457711848	5340.467742
457711852	4729.782258
457711856	3856.997742
457711860	3748.915161
457711864	3746.46
457711868	3678.566774
457711873	3355.97129
457711877	2767.313871
457711881	2378.262581
457711885	2189.17871
457711889	2004.804516
457711893	1699.277742
457711898	1488.783871
457711902	1395.665484
457711906	1284.257419
457711910	1169.243226
457711914	1117.620645
457711918	2267.279677
457711923	917.7587097
457712031	1855.978387
457712035	1690.246452
457712039	2378.799032
457712047	3097.596774
457712052	1944.040968
457712060	2921.603226
457712064	2988.480323
457712068	3040.230645
457712072	4150.379677
457712077	3406.442903
457712081	4143.602581
457712085	4002.993226
457712089	4026.793871
457712093	3297.182903
457712097	3402.904194
457712102	3497.63
458111835	3815.549677
458111839	3217.382903
458111843	4473.720645
458111848	4565.739032
458111852	4647.575161
458111856	4664.980968
458111860	4252.213548
458111864	4353.900645
458111868	4337.295484
458111873	3445.448065
458111877	2891.253226
458111881	2574.125484
458111885	2359.658387
458111889	2240.186452
458111893	2046.204194
458111898	1680.976774
458111902	1439.494516
458111906	1257.453226
458111910	2450.192258
458111914	2252.994194
458111918	2231.194194
458112031	2646.986774
458112035	2826.862258
458112052	3099.332258
458112064	3350.21871
458112068	3379.203871
458112072	3362.384194
458112077	3303.416774
458112081	3228.322581
458112085	3199.671613
458112089	3208.986452
458112102	3270.161935
458511627	5194.859677
458511731	6242.679032
458511827	3928.343548
458511831	3704.273548
458511835	5495.762258
458511839	4542.699677
458511843	4705.67129
458511848	4886.987097
458511852	5485.933871
458511856	4873.147097
458511860	3520.474839
458511864	3748.914194
458511868	4312.437097
458511873	4312.434839
458511877	3499.83
458511881	3115.739355
458511885	2757.515161
458511889	2369.257419
458511893	2082.199355
458511898	1706.945806
458511902	1438.547742
458511906	1248.347419
458512031	2757.095161
458512035	2904.550645
458512085	3219.470323
458512089	3240.428065
458512093	3280.338387
458911614	7552.764516
458911618	6653.34871
458911623	5488.251935
458911627	5375.139032
458911631	4443.288065
458911727	5567.113226
458911731	5849.15129
458911735	5240.513548
458911823	4005.230645
458911827	3707.714839
458911831	5498.905484
458911835	4303.816452
458911839	3974.706774
458911843	4428.157097
458911848	4394.465161
458911852	5292.516452
458911856	5545.180968
458911860	5128.859677
458911864	4607.035806
458911868	4424.022581
458911873	4752.824516
458911877	4484.267742
458911881	3597.300968
458911885	3122.309355
458911889	2719.063871
458911893	2225.176452
458911898	1729.479355
458911902	1433.787097
458911906	1285.049032
458912010	1943.40129
458912027	2717.076774
458912035	2939.938387
459311606	6204.190968
459311610	6264.170968
459311614	6407.424194
459311618	6361.076129
459311623	5124.279677
459311627	5084.039355
459311631	4353.296774
459311635	3812.530968
459311639	3799.812903
459311718	3944.596452
459311723	4907.874839
459311727	5014.800968
459311731	5037.209677
459311735	5127.726129
459311739	4792.476774
459311743	2980.90129
459311823	4130.016452
459311827	6986.733871
459311831	4734.022258
459311835	3228.013871
459311839	3015.36
459311843	3100.82871
459311848	3023.896129
459311852	2903.36129
459311856	3320.630645
459311860	3540.609032
459311864	3988.955806
459311868	4660.788387
459311873	4847.441613
459311877	5298.096129
459311881	4212.341613
459311885	2784.130645
459311889	2474.519355
459311893	2189.879032
459311977	1885.769677
459311985	902.1951613
459311989	940.0419355
459311993	1069.257742
459311997	1108.635484
459312006	1581.447742
459312010	2205.261935
459312022	2702.796452
459312027	2795.792581
459711598	6755.028065
459711602	6248.15871
459711606	6089.716129
459711610	6091.165484
459711614	6150.737742
459711618	6109.259677
459711623	5602.025806
459711627	4946.193871
459711631	4716.040968
459711635	4485.767097
459711639	5690.88129
459711648	3990.835484
459711652	4151.453871
459711656	4056.474839
459711723	4283.642581
459711727	4185.104516
459711731	2580.29
459711735	4277.469032
459711739	3002.69
459711818	4463.703548
459711823	5027.694839
459711827	6041.223226
459711831	4042.285161
459711835	3214.471935
459711839	2962.311935
459711843	2874.030323
459711848	2635.000323
459711852	2277.842258
459711856	2122.596452
459711860	2017.599355
459711864	2157.610968
459711868	2668.708065
459711873	3291.082903
459711877	3825.636129
459711881	4370.512903
459711885	3410.460323
459711889	2688.095806
459711893	3163.00129
459711898	2250.276774
459711902	1233.240323
459711906	1530.185806
459711910	1313.503871
459711972	1870.105161
459711977	861.9722581
459711981	873.076129
459711985	899.8609677
459711989	993.1577419
459711993	1168.142581
459711997	1213.690323
459712002	1780.849677
459712006	2173.607742
459712010	2542.522581
459712018	2650.531613
459712022	2735.709355
459712027	2811.316774
459712031	2906.309032
460211598	6792.219355
460211602	4647.164516
460211606	6349.030968
460211610	6079.437419
460211614	5946.027419
460211618	5922.612258
460211623	5681.948387
460211627	5098.306452
460211631	5016.263871
460211635	5394.282258
460211639	6056.287419
460211643	6376.738387
460211648	6374.158387
460211652	6198.394839
460211818	7920.06129
460211823	4653.057419
460211827	5004.498387
460211831	4075.412581
460211835	3684.366129
460211839	3271.022258
460211843	2611.230323
460211848	2385.83
460211852	2190.843226
460211856	1982.940968
460211860	1696.552903
460211868	1413.713871
460211873	1474.442258
460211885	2937.845484
460211889	2874.519032
460211893	2182.730645
460211902	1576.614839
460211906	1568.388065
460211910	1503.689032
460211914	1370.264516
460211918	1328.315806
460211968	846.3577419
460211972	835.7651613
460211977	860.6893548
460211981	897.8780645
460211985	936.1867742
460211989	1056.30871
460211993	1153.776452
460211997	1309.643226
460212002	1803.777742
460212014	2805.674194
460212018	2680.261935
460212022	2749.089677
460212027	2852.319032
460611598	5207.175484
460611602	6907.958065
460611606	7009.905484
460611610	6313.943548
460611614	6005.232903
460611618	5873.093548
460611623	5744.818065
460611627	5547.419355
460611631	5461.832581
460611635	5824.095484
460611639	6236.979032
460611643	6825.825806
460611652	6538.701935
460611693	3082.569677
460611818	5029.294194
460611823	4499.645161
460611827	4884.848387
460611831	4175.211935
460611835	3781.944516
460611839	3410.101613
460611843	2771.355484
460611848	2451.533226
460611852	2314.57
460611856	2192.45871
460611860	1955.70129
460611864	1692.977097
460611868	1593.744516
460611873	1675.885161
460611881	2238.806129
460611885	1118.407742
460611898	1070.568065
460611902	1297.844516
460611906	1323.027742
460611910	1427.347742
460611914	1440.630323
460611918	1402.53
460611923	1347.008065
460611931	1332.53
460611935	1299.499355
460611943	1145.764516
460611948	1130.746129
460611952	1081.813871
460611956	1033.234839
460611960	950.3641935
460611964	879.1270968
460611968	864.6545161
460611972	861.2654839
460611977	918.176129
460611981	1011.727097
460611985	1080.403871
460611989	1068.283871
460611993	1270.785806
460611997	1605.076774
460612002	1914.831613
460612006	2332.262258
460612010	2506.99
460612014	2737.379677
460612018	2633.606129
460612022	2705.807742
461011598	4245.089677
461011602	4508.141613
461011606	4390.710323
461011610	7055.03
461011614	6680.319032
461011618	5828.684516
461011623	5689.544194
461011627	5726.605161
461011631	5856.100323
461011635	6081.064194
461011639	6061.552903
461011643	6582.971613
461011648	6559.981613
461011652	6696.986452
461011656	6474.107742
461011693	3137.29871
461011698	1940.973548
461011702	2428.648065
461011706	3090.402258
461011710	3490.024839
461011810	7904.611935
461011814	7654.945484
461011818	7095.016452
461011823	5883.268387
461011827	5081.104839
461011831	4428.294194
461011835	3826.239032
461011839	3336.076129
461011843	2968.396452
461011848	2720.178387
461011852	3179.383226
461011856	3281.15871
461011860	2933.229355
461011864	2249.742258
461011868	2039.150323
461011873	2144.184194
461011877	1841.622903
461011898	1798.456774
461011902	931.5951613
461011906	1112.05871
461011910	1212.706774
461011914	1279.783871
461011918	1283.039677
461011923	1266.676774
461011927	1335.781613
461011931	1475.53
461011935	1500.899677
461011939	1421.030968
461011943	1316.14
461011948	1175.064194
461011952	1067.113226
461011956	1109.329032
461011960	1020.134839
461011964	965.3874194
461011968	969.5509677
461011972	1054.776452
461011977	1171.26129
461011981	1130.046452
461011985	1181.769355
461011989	1288.720645
461011993	1380.846452
461012006	1899.074194
461012010	2117.239355
461411602	7170.774194
461411606	7173.767419
461411610	7026.234194
461411614	6739.276129
461411618	5782.674516
461411623	5599.061935
461411627	5698.884516
461411631	5958.38129
461411635	6061.70871
461411639	6249.183548
461411643	6393.84129
461411648	6435.285161
461411652	6522.057419
461411656	6700.43
461411660	6885.422581
461411698	2155.713871
461411702	1916.602903
461411706	2554.78
461411710	3317.913548
461411714	3528.275161
461411718	3371.381935
461411802	8447.545484
461411806	7988.89
461411810	7674.455484
461411814	7426.546774
461411818	6859.654839
461411823	6166.279032
461411827	4800.875806
461411831	4038.066129
461411835	3602.24
461411839	3588.303226
461411843	3328.802903
461411848	3246.121935
461411852	3481.932581
461411856	3690.540968
461411860	3288.274194
461411864	3488.770645
461411868	2093.578387
461411873	1916.769032
461411877	2432.645484
461411902	1596.429032
461411906	1631.745161
461411910	756.0680645
461411914	849.3251613
461411918	925.9680645
461411923	976.6396774
461411927	1037.242581
461411931	1128.520323
461411935	1257.006774
461411939	1426.246129
461411943	1378.966452
461411948	1251.104839
461411952	1148.933226
461411956	1071.304516
461411960	1130.613226
461411964	1071.356452
461411968	1120.092903
461411972	1132.492903
461411977	1283.419032
461411981	1398.767419
461411985	1405.641613
461411989	1369.846129
461411993	1488.448065
461411997	1320.352903
461412002	1172.834516
461811602	6507.619032
461811606	6814.20871
461811610	6763.513871
461811614	5986.428065
461811618	5134.861935
461811623	5131.81
461811627	5206.884516
461811631	5486.314194
461811635	5822.405161
461811639	6004.184194
461811643	6094.476774
461811648	6242.909032
461811652	6325.707097
461811656	6559.25
461811660	6730.118065
461811664	6923.010645
461811689	3815.792258
461811698	2090.180968
461811702	2078.749355
461811706	2048.625161
461811710	2422.03871
461811714	2412.794516
461811718	2024.079032
461811723	2060.661935
461811727	2358.632581
461811731	2886.617742
461811798	8300.690323
461811802	8058.292258
461811806	7545.123548
461811810	7221.575484
461811814	6586.065161
461811818	6029.263548
461811823	5076.493226
461811827	4322.241613
461811831	4058.814839
461811835	3830.784194
461811839	3457.206774
461811843	3450.877097
461811848	3235.789032
461811852	3014.856129
461811856	3032.609677
461811860	2841.40871
461811864	2321.473548
461811868	2272.251935
461811873	3359.745484
461811877	2538.805806
461811918	717.9493548
461811923	834.2045161
461811927	823.8232258
461811931	870.9219355
461811935	917.4729032
461811939	1056.824839
461811943	1245.091613
461811948	1284.354516
461811952	1259.857419
461811956	1187.640323
461811960	1104.540645
461811964	1094.382581
461811968	1124.934516
461811972	1108.256774
461811977	995.533871
461811981	972.3345161
461811985	915.6154839
461811989	879.9941935
461811993	887.3348387
461812002	868.1383871
462211602	6189.533548
462211606	6600.767419
462211610	6629.730323
462211614	5438.095161
462211618	5073.16129
462211623	4958.485806
462211627	5045.963548
462211631	5293.132258
462211635	5546.601935
462211639	5809.58871
462211643	6006.007742
462211648	6109.002903
462211652	6078.437419
462211656	6560.571613
462211660	6174.793871
462211664	6849.12
462211668	6896.371935
462211681	5413.546452
462211685	4273.98871
462211689	3806.752903
462211693	3339.890645
462211702	2119.636129
462211706	2031.186129
462211710	2035.155484
462211714	1967.125161
462211718	1791.656452
462211723	2168.362903
462211727	2276.672258
462211731	2312.464194
462211735	2822.349032
462211789	7457.160323
462211793	7792.82
462211798	7645.303226
462211802	7170.137742
462211806	6185.468387
462211810	5405.372581
462211814	4867.309677
462211818	5443.781935
462211823	5277.601613
462211827	4680.646774
462211831	4109.442903
462211835	3764.762258
462211839	3157.934516
462211843	3149.8
462211848	2774.847419
462211852	2503.454516
462211856	2203.63129
462211860	2022.33
462211864	2184.308387
462211868	2327.263226
462211873	1957.064516
462211877	2421.909032
462211881	2155.580323
462211935	913.7193548
462211939	894.8074194
462211943	936.6119355
462211948	944.8587097
462211952	1218.337097
462211956	1262.922258
462211960	1103.507419
462211964	911.9383871
462211968	924.8206452
462211972	882.3132258
462211977	886.5125806
462211981	903.1164516
462211985	875.1032258
462211989	757.3474194
462711602	7127.870968
462711610	6338.874516
462711614	5553.244839
462711618	5314.429677
462711623	5346.67
462711627	5553.419032
462711631	5633.835806
462711635	5767.557419
462711639	5889.540323
462711643	6078.88129
462711648	6141.002581
462711652	6178.475484
462711656	6322.629677
462711660	6471.876452
462711664	6836.936129
462711668	6457.877419
462711673	6371.258387
462711677	6089.077419
462711681	5816.195484
462711685	4602.500645
462711689	4017.145484
462711693	3559.763871
462711702	2135.793548
462711706	2077.907742
462711714	1639.350968
462711718	1928.073548
462711723	2017.847097
462711727	2089.430968
462711785	8007.824839
462711789	7216.748387
462711793	6877.874516
462711798	6240.999032
462711802	5070.556774
462711806	4215.434839
462711810	4174.606774
462711814	4384.89871
462711818	4231.696452
462711823	3903.339355
462711827	3732.526452
462711831	3522.839032
462711835	3438.032903
462711839	2748.610968
462711843	2404.235806
462711848	2222.946452
462711852	2155.001935
462711856	2047.450323
462711860	1955.750645
462711864	1964.625806
462711868	1874.65871
462711873	2233.67
462711877	1943.88129
462711881	1788.334839
462711952	876.266129
462711956	926.6648387
462711960	949.03
462711964	990.7316129
463111618	5892.111613
463111623	6188.876129
463111627	6279.990645
463111631	6228.442581
463111635	6229.259677
463111639	6161.29871
463111643	6259.30871
463111648	6183.110323
463111652	6234.189677
463111656	6303.390968
463111660	6349.225161
463111664	6584.441613
463111668	6039.426452
463111673	5970.754839
463111677	6365.646774
463111681	5992.573871
463111685	4634.812581
463111689	4091.814516
463111693	3777.950323
463111698	2914.853548
463111706	1588.354839
463111710	1494.869355
463111714	1450.385161
463111718	1472.39
463111723	1435.302581
463111727	1975.002581
463111731	2088.376452
463111735	2378.625161
463111739	3223.79
463111743	4309.353548
463111748	6951.999677
463111781	7709.500968
463111785	7427.882258
463111789	7279.324194
463111793	6077.37
463111798	4847.777419
463111802	5215.193871
463111806	5373.337742
463111810	4915.999355
463111814	4289.402258
463111818	3920.900645
463111823	3899.64871
463111827	3348.375484
463111831	3189.532581
463111835	3559.397097
463111839	3035.512903
463111843	2238.484194
463111848	1997.339355
463111852	2860.81871
463111856	1812.385161
463111860	1884.508387
463111864	1696.592258
463111868	1495.734839
463111873	1907.937419
463111881	1589.20871
463111885	1638.959677
463111952	1006.954194
463111956	1090.659355
463111960	1114.702581
463111968	1150.206129
463111972	1179.655161
463112002	611.28
463511618	6253.32129
463511623	6711.493548
463511627	6778.521935
463511631	6639.293226
463511635	6533.989032
463511639	6438.436452
463511643	6369.32
463511648	6419.602581
463511652	6490.743871
463511656	6505.365484
463511660	6513.824516
463511664	6393.784839
463511668	6041.848387
463511673	5336.247742
463511677	4844.824839
463511681	3856.462258
463511685	3897.214839
463511689	3242.266774
463511693	2281.999677
463511698	1703.024516
463511702	1001.496129
463511710	1464.752903
463511714	1840.444839
463511718	2035.194194
463511723	1840.190968
463511727	1976.169032
463511731	2569.182581
463511739	2949.020968
463511743	3272.837419
463511748	3825.85129
463511752	4295.189677
463511760	5029.824194
463511764	4480.962903
463511768	6119.242258
463511773	7219.686129
463511777	7106.676774
463511781	6977.550323
463511785	6913.254516
463511789	6433.027097
463511793	5611.690323
463511798	5298.342581
463511802	5552.644516
463511806	5306.545806
463511810	5281.00129
463511814	5086.225161
463511818	5380.044839
463511823	4983.071613
463511827	4409.461935
463511831	4684.909032
463511835	3846.371935
463511839	3114.43129
463511843	2423.616452
463511848	1792.423871
463511852	1691.387097
463511856	1680.753548
463511860	1591.871613
463511877	1588.82871
463511881	1617.467742
463511952	1085.928065
463511956	1486.924839
463511960	1575.79871
463511964	1542.90129
463511972	1533.906452
463511993	860.3096774
463512072	1496.219032
463512077	1658.783226
463512081	1865.143871
463911623	6806.573871
463911627	6842.230323
463911631	6832.176774
463911635	6810.963548
463911639	6739.276774
463911643	6754.287419
463911648	6739.029355
463911652	6768.80871
463911656	6375.000645
463911660	6553.295161
463911664	6629.294194
463911668	5948.187419
463911673	5462.444194
463911677	3980.840645
463911681	2881.822258
463911685	3423.747742
463911689	2809.551935
463911693	2106.516774
463911698	1434.897097
463911710	1373.346774
463911714	1844.838065
463911718	1983.792258
463911731	2742.681935
463911735	2910.569032
463911739	3489.98129
463911743	3572.866129
463911748	5789.770968
463911752	6616.514839
463911756	6997.672903
463911760	6638.943226
463911764	5682.021613
463911768	5273.297419
463911773	4821.175161
463911777	5820.149355
463911781	6504.517419
463911785	6152.995161
463911789	5688.012903
463911793	4976.544194
463911798	4996.534194
463911802	5024.973226
463911806	4859.067419
463911810	4881.265161
463911814	5200.164194
463911818	4896.868065
463911823	4598.551935
463911827	4203.403871
463911831	3402.58129
463911835	2831.677742
463911839	2761.347742
463911843	2113.759032
463911848	1736.720968
463911852	1641.905806
463911856	1565.331613
463911860	1360.369032
463911864	1818.125806
463911868	1184.717097
463911873	1219.92
463911877	2165.51
463911881	2070.01871
463911964	2150.21
463911968	1980.175806
463911972	1848.346452
463911977	1726.317742
463911997	978.9296774
463912022	842.83
463912072	1612.181935
463912077	1756.730968
464311614	6672.308065
464311623	6462.238065
464311627	6890.443226
464311631	6588.186774
464311635	6820.301935
464311639	6810.601613
464311643	6745.318065
464311648	6704.500645
464311652	6726.673871
464311656	6648.016129
464311660	6641.375161
464311664	6101.934194
464311668	5727.98
464311673	5083.236452
464311677	3574.379677
464311681	2427.775161
464311685	2653.940645
464311689	2315.989032
464311693	1864.223548
464311698	1888.317097
464311702	2713.657419
464311706	2619.439355
464311727	3744.630968
464311735	3370.313226
464311739	3325.821935
464311743	3982.631613
464311748	5503.213226
464311752	6203.261613
464311756	6315.443871
464311760	5597.270968
464311764	4579.227419
464311768	3833.025484
464311773	3703.473871
464311777	3779.094839
464311781	4085.927742
464311785	4257.995161
464311789	4019.789032
464311793	3943.730968
464311798	3920.136452
464311802	3801.909355
464311806	3383.359355
464311810	3209.924194
464311814	3702.983548
464311818	3819.513871
464311823	2990.680968
464311827	2845.202903
464311831	3156.532903
464311835	2435.192581
464311839	2373.972581
464311843	2120.336129
464311848	1853.069355
464311852	1571.020323
464311860	1803.18871
464311868	1250.008065
464311873	1241.188065
464311877	1192.246129
464311881	1966.323548
464311885	1856.423871
464311889	1786.76129
464311964	1300.816774
464311968	1550.229355
464311972	1389.659032
464311977	1575.621613
464311981	1712.354839
464312018	1046.394194
464312022	974.9474194
464312027	952.733871
464312039	1336.509032
464711614	6667.574194
464711627	6384.439677
464711631	6831.665484
464711635	6882.143226
464711639	6568.667419
464711643	6231.086774
464711648	6702.287742
464711652	6477.029355
464711656	6629.598065
464711660	6548.801935
464711664	5921.171613
464711668	5109.720323
464711673	4485.152258
464711677	3363.057742
464711681	4972.497419
464711685	5569.714839
464711689	6082.213871
464711693	5875.963871
464711698	5918.816774
464711702	6108.26871
464711706	6546.459355
464711710	6409.322903
464711714	5898.263548
464711727	3511.343548
464711731	3489.43
464711735	3572.285806
464711739	3553.050968
464711743	4244.759032
464711748	4747.72
464711752	4385.575484
464711756	4107.363226
464711760	3605.73
464711764	3529.459677
464711768	3662.923548
464711773	3465.555484
464711777	3547.88871
464711781	3889.627742
464711785	3740.56871
464711789	3514.887097
464711793	3054.69871
464711798	2906.394839
464711802	2963.834839
464711806	2232.468065
464711810	2075.255484
464711823	2321.26871
464711827	1921.684516
464711831	2177.995484
464711835	2198.923871
464711839	2225.92129
464711848	1782.768387
464711852	1438.334516
464711860	1712.77871
464711864	1185.431935
464711868	1253.669677
464711873	1229.060645
464711877	1195.971613
464711881	1176.942903
464711885	1100.777097
464711889	1052.896452
464711893	1008.967097
464711898	1297.605484
464711985	1141.463871
464712027	1124.003548
464712031	1111.514194
464712039	1201.186774
464712047	1118.616452
465211623	6936.089677
465211639	5649.435484
465211643	4505.663548
465211648	5488.824194
465211652	4332.667097
465211656	6052.908387
465211660	5837.449355
465211664	5553.151935
465211668	4939.951935
465211673	4801.977419
465211677	5532.721935
465211681	6159.762903
465211685	6539.677097
465211689	6544.729032
465211693	6499.974516
465211698	6459.146129
465211702	6251.721935
465211706	6431.882581
465211710	6533.985484
465211714	6499.202581
465211718	5949.506774
465211727	4016.475161
465211731	4963.668387
465211735	4664.706129
465211739	4682.482581
465211743	4781.726129
465211748	4511.386129
465211752	3838.722903
465211756	3539.250323
465211760	3398.67129
465211764	3292.495484
465211768	3337.928065
465211773	3342.178387
465211777	3239.036129
465211781	3406.581935
465211785	3159.11129
465211789	3351.544194
465211793	2969.164194
465211798	2033.984194
465211802	1981.517097
465211810	1731.952258
465211814	1561.519677
465211823	1822.455484
465211827	1670.944839
465211831	1766.949355
465211835	1998.698387
465211848	1592.063548
465211852	1342.759677
465211868	1233.810323
465211873	1262.414194
465211877	1244.415806
465211881	1220.609032
465211885	1146.200323
465211889	1120.736129
465211893	1052.170968
465211898	1354.967419
465211985	1064.64129
465211997	1248.483871
465212002	1238.042581
465212006	1260.388387
465212027	1046.117742
465611639	5854.019677
465611643	5707.899355
465611648	5472.583226
465611652	5346.810968
465611656	6582.107742
465611660	5313.339032
465611664	6074.31129
465611668	5142.703226
465611673	5583.487419
465611677	6124.05871
465611681	6456.643548
465611685	6460.947742
465611689	6277.65871
465611693	6267.468387
465611698	6306.684839
465611702	6330.445161
465611706	6382.919032
465611710	6340.414516
465611714	6352.036774
465611718	6175.668387
465611723	5621.352581
465611731	4123.331935
465611735	4430.393871
465611739	5392.553226
465611743	5180.584194
465611748	4450.409032
465611752	3988.653226
465611756	3661.110968
465611760	3527.963226
465611764	3403.214516
465611768	3196.647097
465611773	3250.408065
465611777	3062.639032
465611781	3015.756129
465611785	2777.879355
465611789	2448.469677
465611793	2594.893226
465611798	2601.837097
465611802	2452.373226
465611823	1506.999032
465611827	1501.932903
465611831	1507.893871
465611835	1396.603871
465611839	1426.25871
465611843	2001.921613
465611848	1238.603226
465611852	1689.376774
465611856	1167.956452
465611860	1218.317419
465611864	1193.627419
465611868	1211.983871
465611873	1220.67
465611877	1206.419355
465611881	1152.495806
465611885	1097.173226
465611889	1051.802903
465611893	980.7693548
465611898	1259.258065
465611985	1197.595806
465612031	1231.24871
465612035	1176.445484
465612039	1220.344516
465612043	1801.529032
466011643	5346.629677
466011648	5279.683548
466011652	6516.864516
466011656	6494.546452
466011660	6396.977742
466011664	5206.783871
466011668	5950.600323
466011673	6093.322903
466011677	6349.326452
466011681	6352.483871
466011685	6459.496774
466011689	6308.209677
466011693	6354.45871
466011698	6481.005161
466011702	6716.724839
466011706	6853.397742
466011710	6628.772903
466011714	6344.707097
466011718	6080.005484
466011723	5801.765161
466011727	5557.849355
466011731	5078.822903
466011739	4473.116452
466011743	5551.432903
466011748	5312.239032
466011752	4479.254516
466011756	3985.644839
466011760	3712.053548
466011764	3640.560968
466011768	3370.172258
466011773	3227.603548
466011777	2468.097419
466011789	1814.155484
466011793	2110.42
466011798	2059.862258
466011802	1931.25871
466011806	1837.769677
466011810	1842.48
466011814	1944.961613
466011839	1213.763226
466011843	1225.360968
466011848	1195.031613
466011852	1362.449677
466011856	1216.999677
466011860	1185.186452
466011864	1163.399677
466011868	1173.456129
466011873	1142.536774
466011877	1094.380968
466011881	1036.865806
466011885	980.3151613
466011889	1257.584194
466011939	1345.949032
466012039	1582.030323
466012068	2035.198387
466012072	2153.202903
466411643	5052.95
466411648	5169.435806
466411652	6482.324516
466411656	6454.030645
466411660	6485.403226
466411664	5663.286774
466411668	6260.969355
466411673	6491.512258
466411677	6495.544839
466411681	6472.320968
466411685	6464.131613
466411689	6404.630645
466411693	6548.192903
466411698	6834.793871
466411702	7052.987742
466411706	7065.502903
466411710	6718.880323
466411714	6318.824516
466411718	6104.404194
466411723	5887.577419
466411727	5787.519032
466411731	5535.447097
466411735	5176.35129
466411743	4167.763871
466411748	4690.876129
466411752	4315.547097
466411756	4288.118065
466411760	3987.314194
466411764	3904.187419
466411768	3611.428387
466411773	3461.641935
466411777	2530.649677
466411781	1833.241613
466411785	2323.396774
466411789	2481.597419
466411793	2499.253871
466411798	2282.792258
466411802	1963.253548
466411806	2010.110323
466411810	2229.545806
466411814	2004.765161
466411835	1320.036452
466411839	1332.009677
466411843	1313.885484
466411848	1270.044194
466411852	1347.954516
466411856	1325.366452
466411860	1183.690645
466411864	1154.763871
466411868	1114.662903
466411873	1048.076774
466411877	985.6890323
466411881	1252.014194
466411885	872.4348387
466411939	1416.502903
466412060	1952.186452
466412064	2675.666774
466412068	2152.364516
466811648	5229.728387
466811652	5074.148065
466811656	6337.453871
466811660	6493.015161
466811664	6612.519355
466811668	6582.823871
466811673	6564.408065
466811677	6565.305806
466811681	6505.311613
466811685	6526.177419
466811689	6677.240645
466811693	6836.113226
466811698	7059.823871
466811702	6950.249355
466811706	6735.204516
466811710	6489.101613
466811714	6299.103871
466811718	6091.774839
466811723	5935.336129
466811727	5689.086129
466811731	5526.698387
466811735	5328.866129
466811739	5168.511613
466811748	2394.343226
466811752	2454.692903
466811756	3912.456452
466811760	2376.803548
466811764	3329.821613
466811768	2609.47871
466811773	2589.267097
466811777	2607.094516
466811781	2779.970645
466811785	2626.56
466811789	2481.128387
466811793	2408.596452
466811802	2263.719032
466811806	2344.783226
466811810	2271.09
466811814	1980.302258
466811835	1447.984194
466811839	1364.28
466811843	1339.279032
466811848	1331.814839
466811852	1368.656774
466811856	1338.404194
466811860	1310.108387
466811864	1296.366129
466811868	1221.38
466811873	1155.566129
466811877	1052.576774
466811881	976.5003226
466811885	922.0529032
466811889	935.6867742
466811893	964.3212903
466812047	1573.15129
466812052	1263.03
466812056	1999.946774
466812060	2493.724516
466812064	2328.342581
466812072	1628.507742
466812077	3639.983548
466812081	3903.010968
467211643	6387.312258
467211648	6270.392258
467211652	6311.010968
467211656	6273.627419
467211660	6339.055484
467211664	6400.932581
467211668	6504.376452
467211673	6471.939355
467211677	6455.727742
467211681	6460.38129
467211685	6503.072581
467211689	6719.937097
467211693	6870.839032
467211698	6884.905161
467211702	6808.156774
467211706	6697.96129
467211710	6461.906452
467211714	6234.567742
467211718	5801.574516
467211723	5770.246452
467211727	5684.122581
467211731	5465.076774
467211735	5324.114516
467211739	5092.88129
467211743	4717.339032
467211748	4189.071613
467211752	4315.004516
467211756	4114.296452
467211760	2378.972581
467211764	3362.626774
467211768	2859.386452
467211773	2832.94
467211777	2982.934194
467211781	2805.859032
467211785	2667.463226
467211789	2792.401613
467211793	2758.170323
467211798	2640.852581
467211806	2449.952581
467211810	2102.073871
467211818	1762.555484
467211823	1532.420645
467211839	1513.784839
467211843	1562.017419
467211848	1504.95
467211852	1398.675806
467211856	1339.19
467211860	1323.527742
467211864	1341.853226
467211868	1292.500645
467211873	1162.914839
467211877	1061.920968
467211881	971.0851613
467211885	945.2212903
467211889	967.343871
467211893	976.5822581
467211898	966.516129
467211902	948.2929032
467212056	1980.88129
467212060	1499.670323
467711648	6525.537419
467711656	6431.280968
467711660	6507.744516
467711664	6542.951613
467711668	6571.215484
467711673	6484.070323
467711677	6514.360323
467711689	6515.094194
467711693	6764.968387
467711698	6789.407742
467711702	6728.544839
467711706	6547.84871
467711710	6263.250968
467711714	6000.690968
467711718	5784.879032
467711723	5789.224194
467711727	5633.434839
467711731	5493.186129
467711735	5257.817419
467711739	5056.35871
467711743	4775.413548
467711748	4628.48871
467711752	4396.881935
467711756	4179.266129
467711760	4039.804194
467711764	3815.017742
467711768	3451.670323
467711773	3236.616452
467711777	2978.965806
467711781	2900.238065
467711785	2840.324194
467711789	2808.952581
467711793	2760.446452
467711798	2571.088387
467711806	2129.787742
467711814	1918.392581
467711818	2066.703548
467711823	1977.96
467711831	1516.768387
467711835	1709.168065
467711839	1694.919355
467711843	1643.281613
467711848	1480.544839
467711852	1402.750968
467711856	1344.198065
467711860	1311.785806
467711864	1274.850323
467711868	1231.544516
467711873	1136.592903
467711877	1028.185161
467711881	967.7712903
467711885	988.4390323
467711889	1023.204516
467711893	1032.234839
467711898	1013.071935
467711902	981.9732258
467712014	1598.169032
467712018	1709.700323
467712060	2648.477419
467712064	1521.258065
468111660	6638.769032
468111706	6510.874839
468111710	6260.369032
468111714	6053.788065
468111718	5913.768387
468111723	5854.154839
468111727	5634.868065
468111731	5550.576129
468111735	5378.74
468111739	5124.43129
468111743	4919.584839
468111748	4709.905484
468111752	4466.150968
468111756	4267.274516
468111760	3993.816129
468111764	3722.157419
468111768	3604.052581
468111773	3391.71871
468111777	3085.939355
468111781	2961.211935
468111785	2868.580968
468111789	2381.379032
468111793	2759.504839
468111802	2166.820968
468111814	2075.032903
468111818	2358.864194
468111823	2186.604839
468111827	1874.784194
468111831	1559.596452
468111835	1842.134194
468111839	1858.830323
468111843	1607.278065
468111848	1461.946774
468111852	1404.570645
468111856	1380.777742
468111860	1272.449355
468111864	1179.116452
468111868	1109.957419
468111873	1044.983548
468111877	998.1
468111881	981.5903226
468111885	1026.538065
468111889	1064.878387
468111893	1056.473548
468111898	1041.729677
468111902	1019.425161
468111927	1112.059032
468111931	1117.032903
468111972	1265.08129
468511702	6648.104839
468511706	6508.968065
468511710	6204.034516
468511714	6290.929032
468511718	6215.880645
468511723	5832.454516
468511727	5519.526452
468511731	5335.395161
468511735	5303.280323
468511739	5144.796129
468511743	5067.055484
468511748	4953.894516
468511752	4591.603226
468511756	4273.242258
468511760	3941.147419
468511764	3561.398387
468511768	3319.924839
468511773	3155.447419
468511777	2996.715484
468511781	2945.470323
468511785	2389.911935
468511789	2368.68871
468511798	2219.044194
468511802	2440.362581
468511806	2545.956774
468511810	2232.440645
468511814	2094.280323
468511818	2100.719677
468511823	2223.54
468511827	1619.624194
468511831	1584.742581
468511835	1579.919032
468511839	1854.223226
468511843	1639.765806
468511848	1526.117419
468511852	1460.481613
468511856	1425.11129
468511860	1350.314194
468511864	1212.30129
468511868	1116.673548
468511873	1052.126774
468511877	996.7206452
468511881	1022.634194
468511885	1095.351935
468511889	1112.149032
468511893	1096.343871
468511898	1066.708065
468511902	1049.86129
468511960	550.1212903
468911693	6614.260968
468911698	6564.642581
468911702	6531.549032
468911706	6304.233548
468911710	6110.693226
468911714	6200.422258
468911718	6137.922581
468911723	5764.351613
468911727	5509.592258
468911731	5392.018387
468911735	5246.463226
468911739	5059.095161
468911743	4999.010645
468911748	4933.212903
468911752	4710.334194
468911756	4314.804839
468911760	3856.067419
468911764	3490.859355
468911768	3364.902903
468911773	3263.844516
468911777	3085.101935
468911781	2923.005161
468911785	2370.278065
468911789	2297.76129
468911793	2237.917742
468911798	2367.556452
468911802	2654.333226
468911806	2555.418387
468911814	2307.282258
468911827	1546.089032
468911831	1524.609355
468911835	1498.995806
468911839	1739.135806
468911843	1653.734516
468911848	1556.279677
468911852	1497.433871
468911856	1473.923226
468911860	1382.106774
468911864	1316.479355
468911868	1212.31871
468911873	1098.583871
468911877	1053.572581
468911881	1088.33129
468911885	1124.320323
468911889	1134.646452
468911893	1107.923871
468911898	1108.87871
468911902	1095.263226
468911906	1047.219677
468911910	1006.089355
469311668	6414.420968
469311673	6544.146452
469311677	6546.129677
469311681	6483.871935
469311685	6533.817097
469311689	6531.711613
469311693	6539.971613
469311698	6369.143548
469311702	6320.629355
469311706	6204.330645
469311710	6217.798387
469311714	6014.480645
469311718	5915.020645
469311723	5717.880645
469311727	5599.520968
469311731	5383.710968
469311735	5314.42129
469311739	5120.416452
469311743	4813.849677
469311748	4637.810645
469311752	4349.157419
469311756	4057.246452
469311760	3682.579677
469311764	3532.463871
469311768	3350.546452
469311773	3235.815806
469311777	3079.063871
469311781	2844.633226
469311785	2740.553548
469311789	2685.040645
469311793	2238.616129
469311798	2344.323871
469311802	2716.682581
469311806	2233.430968
469311810	2393.858065
469311814	2314.416129
469311827	1800.725161
469311831	1479.903226
469311835	1772.179677
469311839	1725.920968
469311843	1606.490968
469311848	1502.119355
469311852	1419.379032
469311856	1401.572903
469311860	1351.414839
469311864	1329.68129
469311868	1242.600968
469311873	1115.685806
469311877	1108.852258
469311881	1098.530645
469311885	1109.34871
469311889	1129.31
469311893	1103.157742
469311898	1092.760323
469311902	1094.837419
469311906	1054.810645
469311910	1373.804516
469711685	6502.57
469711689	6504.220645
469711693	6518.655484
469711698	6347.270323
469711702	6289.167419
469711706	6308.576774
469711710	6117.425806
469711714	5985.480323
469711718	5968.306129
469711723	5609.429032
469711727	5542.66129
469711731	5531.95129
469711735	5397.176774
469711739	5275.993871
469711743	5165.195806
469711748	4853.235161
469711752	4292.602903
469711756	3746.790645
469711760	3545.075484
469711764	3419.04129
469711768	3269.557742
469711773	3152.582903
469711777	2997.573871
469711781	2513.786452
469711785	2986.965161
469711789	2835.933226
469711798	2617.807097
469711802	2580.554516
469711806	2533.423548
469711810	2135.09871
469711814	2054.808387
469711818	1974.413548
469711827	1835.384194
469711831	1838.043871
469711835	1820.242903
469711839	1757.15871
469711843	1659.890645
469711848	1491.251613
469711852	1378.310323
469711856	1314.84
469711860	1295.821613
469711864	1290.505161
469711868	1285.914516
469711873	1289.990645
469711877	1255.362258
469711881	1172.642581
469711885	1119.218387
469711889	1109.865161
469711893	1090.815806
469711898	1135.359677
469711902	1122.30129
469711906	674.8087097
469711985	1308.549032
469711989	1394.576774
469711993	1459.962581
469712068	2418.546452
470211689	6643.713871
470211693	6342.784194
470211702	6281.076452
470211706	6150.092903
470211710	6047.238065
470211714	5874.843871
470211718	5776.913226
470211723	5688.95129
470211727	5790.35871
470211731	5634.363548
470211735	5433.639355
470211739	5334.269677
470211743	5085.164839
470211748	4800.476774
470211752	4550.955806
470211756	4164.465806
470211760	3749.87129
470211764	3565.934516
470211768	3452.605484
470211773	3394.751613
470211777	3158.397742
470211781	3030.280968
470211785	2957.027742
470211789	2874.125484
470211806	2483.789032
470211814	2055.073871
470211818	2027.529032
470211823	2025.343871
470211827	1522.449355
470211831	1510.533871
470211835	1968.07129
470211839	1897.663548
470211843	1786.561613
470211848	1395.016774
470211852	1466.620968
470211856	1437.129032
470211860	1404.38
470211864	1411.901935
470211868	1439.793871
470211873	1380.920323
470211877	1283.966452
470211881	1210.946774
470211885	1192.590323
470211889	1186.466774
470211893	1118.931935
470211898	1147.859355
470212068	2624.206129
470611681	6555.86
470611702	6351.187419
470611706	6086.954194
470611710	5936.146129
470611714	5791.384516
470611718	5701.996774
470611723	5643.317742
470611727	5627.601613
470611731	5512.177419
470611735	5370.103226
470611739	5169.49871
470611743	5040.79871
470611748	4837.192258
470611752	4433.274194
470611756	4150.187742
470611760	3950.681935
470611764	3804.002581
470611768	3675.150645
470611773	3432.521935
470611777	3107.545484
470611785	2483.189677
470611798	2245.58871
470611802	2472.557097
470611806	2510.845484
470611810	2159.507742
470611814	2110.338065
470611818	2257.892258
470611823	2101.244839
470611831	1522.947742
470611835	1527.159355
470611839	2068.703548
470611843	1492.471613
470611848	1880.560645
470611852	1718.367097
470611856	1625.220645
470611860	1552.589355
470611864	1521.573871
470611868	1457.884839
470611873	1363.076129
470611877	1263.339355
470611881	1236.659032
470611885	1207.988387
470611889	1167.289677
470611893	1144.137097
470611898	1134.939032
470612072	2911.476129
471011681	6251.106452
471011685	6433.673548
471011693	6378.946452
471011702	6108.667742
471011706	6132.997419
471011710	5890.140645
471011714	5650.557097
471011718	5550.63129
471011723	5528.202258
471011727	5544.718387
471011731	5549.614516
471011735	5286.774839
471011739	5049.271613
471011743	4845.484194
471011748	4603.89871
471011752	4054.279032
471011756	3867.185484
471011760	3673.424839
471011764	3571.023226
471011768	3453.781935
471011773	3274.517742
471011777	3215.432903
471011781	3135.325806
471011785	3146.624839
471011789	2161.239032
471011793	2095.81871
471011798	2016.998387
471011806	2575.742581
471011810	2208.856129
471011818	2058.427742
471011823	1993.966129
471011827	1974.857097
471011831	1532.177742
471011835	2202.273226
471011839	1537.020968
471011843	2125.045161
471011848	2037.154194
471011852	1876.682258
471011856	1732.435161
471011860	1622.493548
471011864	1559.211935
471011868	1550.827742
471011873	1487.646452
471011877	1384.006774
471011881	1312.554194
471011885	1239.615161
471011889	1218.470968
471011893	1200.365806
471011898	1202.376774
471011902	1275.118065
471411685	6239.047742
471411689	6122.045161
471411693	6129.01871
471411698	6159.560968
471411702	6110.523548
471411706	5992.67
471411710	5674.691613
471411714	5588.862258
471411718	5511.525161
471411723	5420.77
471411727	5595.531935
471411731	5541.201935
471411735	5403.096129
471411739	5071.210645
471411743	4820.964516
471411748	4655.959032
471411752	4555.448065
471411756	4636.729032
471411760	4220.709677
471411764	3888.814839
471411768	3513.724839
471411773	3367.76871
471411777	3467.77129
471411781	3519.217097
471411785	3551.425161
471411789	3504.023226
471411793	2143.816774
471411798	2046.886774
471411810	2239.019032
471411814	2185.430645
471411818	2382.042581
471411823	2271.602581
471411827	2230.588065
471411831	1539.049355
471411835	1539.332258
471411839	2234.072581
471411843	2152.458065
471411848	2031.983871
471411852	1949.536452
471411856	1855.921613
471411860	1733.295806
471411864	1679.176129
471411868	1623.532581
471411873	1531.10871
471411877	1443.74
471411881	1390.449355
471411885	1340.284516
471411889	1263.560645
471411893	1264.75129
471411898	1265.865161
471411902	1293.426129
471411906	1285.23871
471811689	6271.896774
471811693	6199.765484
471811698	6095.140323
471811702	5882.403548
471811706	5599.978065
471811710	5515.171935
471811714	5442.416452
471811718	5379.162258
471811723	5344.064194
471811727	5384.330645
471811731	5239.840645
471811735	5005.84129
471811739	4916.132258
471811743	4689.941613
471811748	4512.359677
471811752	4384.525161
471811756	4431.781613
471811760	4417.087419
471811764	3865.761613
471811768	3637.595161
471811773	3874.100323
471811777	3997.410968
471811781	3859.918387
471811785	3793.605161
471811789	3592.064516
471811793	3255.94
471811814	2667.015806
471811818	2589.893548
471811823	2409.731613
471811827	2093.021935
471811831	2265.630968
471811835	2295.792903
471811839	2258.932581
471811843	2155.171613
471811848	2061.846452
471811852	2000.206774
471811856	1911.266452
471811860	1798.407419
471811864	1729.239355
471811868	1645.780645
471811873	1573.712903
471811877	1514.046774
471811881	1482.725806
471811885	1404.441613
471811889	1329.683548
471811893	1302.462258
471811898	1279.404839
471811902	1343.186774
471811906	1320.064194
471811910	1219.753548
471811914	662.6274194
472211689	6260.947097
472211693	6194.328065
472211698	6096.597419
472211702	5728.37129
472211706	5543.527419
472211710	5764.373548
472211714	5488.471935
472211718	5452.412903
472211723	5404.192903
472211727	5192.075806
472211731	5098.339355
472211735	4884.906774
472211739	4705.169032
472211743	4443.633548
472211748	4424.495161
472211752	4567.824194
472211756	4200.926452
472211760	3964.150645
472211764	3684.222903
472211768	4285.315161
472211773	4445.021613
472211777	4292.422903
472211781	4050.960323
472211785	3720.634516
472211789	3382.431613
472211806	2365.494516
472211810	2333.656774
472211814	2783.605806
472211818	2237.921613
472211823	2171.906774
472211827	2103.352258
472211831	2058.25871
472211835	2257.53
472211839	1528.076452
472211843	2170.410323
472211848	2090.214839
472211852	1467.333226
472211856	1450.496129
472211860	1411.849032
472211864	1385.441935
472211868	1664.68129
472211873	1596.135484
472211877	1501.55871
472211881	1408.144839
472211885	1321.190323
472211889	1287.837742
472211893	1238.753871
472211898	1242.496452
472211902	1281.313548
472211906	1248.19871
472211910	1167.516452
472211914	1509.524194
472212006	1578.06871
472711693	6076.09871
472711698	6017.750645
472711702	5887.05871
472711706	5916.739677
472711710	5937.703226
472711714	5557.967742
472711718	5501.593871
472711723	5462.447419
472711727	5381.549355
472711731	5224.135806
472711735	4232.86129
472711739	4170.886129
472711743	4770.024839
472711748	4819.20129
472711752	4705.562258
472711756	3844.083226
472711760	4420.416774
472711764	4340.188065
472711768	3727.842903
472711773	4205.546129
472711777	4015.734194
472711781	3463.990645
472711785	3352.044194
472711806	3349.938065
472711810	3270.53
472711814	3014.398065
472711818	2721.99871
472711823	2542.56871
472711827	2382.572581
472711831	2063.554516
472711835	1525.93871
472711839	2186.618065
472711843	2186.759355
472711848	2119.575806
472711852	2015.674516
472711856	1925.767419
472711860	1840.743226
472711864	1826.686129
472711868	1773.663226
472711873	1741.772581
472711877	1623.376452
472711881	1408.957097
472711885	1284.47871
472711889	1245.622581
472711893	1223.816129
472711898	1220.797097
472711902	1225.925806
472711906	1184.279355
472711910	1139.390968
472711960	992.0225806
472711964	1136.695161
472711977	1001.994194
472712002	1977.306452
472712006	1920.120323
473111702	6059.269677
473111710	5983.760645
473111714	5808.346452
473111718	5562.41871
473111723	5492.133548
473111727	5462.728387
473111731	5265.356452
473111735	5058.473226
473111739	5109.619032
473111743	5143.152903
473111748	5041.169677
473111752	4785.886774
473111760	4589.413548
473111764	4468.793226
473111768	4274.4
473111773	4133.429677
473111781	3804.598387
473111793	3530.58
473111798	2502.053871
473111802	3635.817097
473111806	3702.764194
473111810	3396.472903
473111814	2970.305806
473111818	2744.059032
473111823	2584.711935
473111827	2471.411935
473111831	2344.404839
473111835	2250.154194
473111839	2153.81129
473111843	2098.660645
473111848	821.1725806
473111852	798.4648387
473111856	778.6035484
473111860	1724.725484
473111864	1753.480323
473111868	1771.425161
473111873	1711.515806
473111877	1592.857742
473111881	1317.986774
473111885	1190.229355
473111889	1147.172581
473111893	1149.89871
473111898	1189.976774
473111902	1241.657742
473111906	708.9919355
473111910	685.3380645
473111964	1857.303548
473111968	1930.619355
473111972	1867.125806
473111981	1817.930645
473112002	1525.303548
473511698	6070.720323
473511702	6005.813226
473511706	5949.465806
473511710	5919.589032
473511714	5849.951935
473511718	5701.611613
473511723	4558.232903
473511727	5345.268387
473511731	5238.096452
473511735	5201.357742
473511739	5266.029032
473511743	5208.718387
473511748	5056.138065
473511752	4872.699677
473511768	4482.634839
473511773	3718.073226
473511777	3599.22
473511789	3659.311935
473511793	3599.261613
473511798	3553.787419
473511802	3583.401613
473511806	3449.966129
473511810	3120.868387
473511814	2908.178065
473511818	2766.794194
473511823	2628.56
473511827	2546.658387
473511831	2463.535806
473511835	2439.187097
473511839	2340.170323
473511843	2233.024839
473511848	2141.656452
473511852	1998.408065
473511856	1897.202258
473511860	1869.246452
473511864	762.0096774
473511868	1802.119355
473511885	714.6770968
473511889	705.1612903
473511898	718.5525806
473511902	1346.220323
473511906	1332.31
473511910	1276.362581
473511927	1494.950968
473511931	1424.297742
473511939	580.2493548
473511952	1246.612581
473511956	1315.169032
473511960	1639.196129
473511964	1861.516129
473511968	1869.854194
473511972	1798.429032
473511977	1859.909355
473511981	2066.266452
473511985	2017.205161
473511989	1996.107097
473511993	1760.059355
473511997	1360.248387
473512002	1605.064839
473512006	1806.483548
473512010	1502.209677
473512022	1782.848065
473512027	2286.623548
473512031	3464.879355
473512035	3194.262903
473911693	6051.142581
473911698	5991.625484
473911702	5931.212258
473911706	5880.69129
473911710	5826.295161
473911714	5824.041935
473911718	5675.532581
473911723	5459.075161
473911727	5208.62
473911731	5251.15871
473911735	5279.305484
473911739	5237.865484
473911743	5086.746452
473911748	4873.606452
473911752	3936.879032
473911773	4429.59
473911789	2610.19129
473911793	3753.986774
473911798	3637.48129
473911802	3508.914839
473911806	2423.993226
473911810	2988.220968
473911814	2861.945484
473911818	2733.197742
473911823	2652.97
473911827	2578.807097
473911831	2500.597742
473911835	2472.703226
473911839	2427.562903
473911843	2380.373226
473911848	2301.650645
473911852	830.5432258
473911856	808.8622581
473911860	1948.807097
473911864	1947.383871
473911868	1876.299677
473911873	1734.900323
473911881	1572.318387
473911885	1458.390323
473911893	702.5667742
473911898	692.1206452
473911902	1452.227097
473911906	1477.269677
473911910	1429.864194
473911923	1304.58129
473911927	1237.507742
473911931	1482.800968
473911935	622.3216129
473911952	984.4293548
473911956	1548.00129
473911960	1759.424839
473911964	1678.97
473911968	1561.665806
473911972	1545.887419
473911977	1611.875161
473911981	1786.963548
473911985	1931.799677
473911993	1229.88
473912002	1857.321613
473912006	1872.827742
473912010	2356.173226
473912014	1689.756129
473912018	1399.29129
473912022	1392.35129
473912027	1410.087419
473912031	2301.533226
473912035	2879.171613
474311702	5890.627419
474311706	5832.791935
474311710	5729.07871
474311714	5665.124194
474311718	5555.352258
474311723	5403.538065
474311727	5184.488065
474311731	5259.126129
474311735	5179.329355
474311739	4218.518065
474311743	4029.959677
474311768	4519.673226
474311781	3612.346129
474311785	3563.432258
474311789	4048.140645
474311793	3877.040645
474311798	3625.575161
474311802	3311.637419
474311806	2993.309677
474311810	2937.069032
474311814	2892.878387
474311818	2739.106452
474311823	2726.717419
474311827	2543.195161
474311831	2537.126452
474311835	2601.057419
474311839	2522.931613
474311843	2454.230645
474311848	2386.301613
474311852	2267.012581
474311856	2161.035484
474311860	2067.284516
474311873	1870.91129
474311877	1772.897742
474311885	1583.027097
474311889	1538.57129
474311893	1514.225161
474311898	1431.977097
474311902	1528.498065
474311910	1500.649677
474311914	1536.152258
474311918	689.7551613
474311927	669.0574194
474311931	673.1196774
474311935	1333.044516
474311939	1473.373871
474311943	626.6148387
474311948	1388.373226
474311956	1946.963548
474311960	1675.919355
474311964	1381.483548
474311968	1230.110645
474311972	1551.715484
474311985	1417.256452
474311989	1488.284839
474312002	2000.517742
474312006	1987.090645
474312010	2829.13871
474312014	3153.633871
474312018	3079.277097
474312022	2248.039355
474312027	1888.532903
474312035	2576.410645
474711706	5880.05129
474711710	5790.603548
474711714	5712.359032
474711718	5625.490645
474711723	5498.558387
474711727	5370.54
474711731	5068.576774
474711735	4143.025161
474711739	4058.943871
474711743	3938.243226
474711760	4599.334516
474711764	4579.96129
474711768	3749.438065
474711773	3756.69
474711777	3756.593548
474711781	4452.539677
474711785	4408.028387
474711789	4310.581613
474711793	4145.565484
474711798	3813.810645
474711802	3464.765806
474711806	3003.814516
474711810	2912.327097
474711814	2905.876774
474711818	2788.545806
474711823	2707.960323
474711827	2252.480645
474711831	2621.989032
474711835	2625.886129
474711839	2608.294516
474711843	2559.162581
474711848	2519.20871
474711852	2400.074516
474711856	851.9058065
474711860	833.3093548
474711864	2119.898387
474711868	2040.425806
474711873	1915.443548
474711877	1858.316452
474711881	1821.556129
474711885	1701.915806
474711889	1609.105484
474711893	1564.16871
474711898	1478.059677
474711902	1430.066129
474711906	1585.249677
474711910	1517.76871
474711914	1527.918387
474711918	1612.190645
474711927	1361.054194
474711931	1489.585484
474711935	1476.35871
474711939	1404.529355
474711943	1437.556452
474711948	1398.77871
474711956	1709.807097
474711960	1563.928065
474711964	1521.562581
474711968	1443.233871
474711981	1513.936129
474711985	1714.374194
474712002	2156.775161
474712006	2107.97871
474712010	2972.733871
474712014	3384.480323
474712018	3737.057419
474712022	3278.367742
474712027	2519.804194
474712031	1408.106129
475211710	6069.905806
475211714	6067.455806
475211718	5958.764839
475211731	5185.803871
475211735	4060.482258
475211739	4005.925484
475211748	3884.933226
475211752	2484.622903
475211756	3848.292581
475211760	4695.064194
475211764	4624.676129
475211773	3852.698065
475211777	3849.464516
475211781	4612.439677
475211785	4564.16129
475211789	4455.391613
475211793	4276.762581
475211798	3909.068065
475211802	3390.726452
475211806	3075.22871
475211810	2994.954839
475211814	3001.854839
475211818	2973.13129
475211823	2825.209355
475211827	2730.150323
475211831	2791.133548
475211835	2800.057419
475211839	2741.993871
475211843	2642.955161
475211848	2547.799032
475211856	874.7822581
475211860	2270.514839
475211864	2230.023548
475211868	2075.268065
475211873	2006.700323
475211877	1956.776129
475211881	1836.181935
475211885	1795.5
475211889	1710.90129
475211893	1656.280323
475211898	1549.294516
475211906	1584.839032
475211910	1600.283548
475211914	1576.584516
475211918	1511.303226
475211939	714.8316129
475211943	1354.047097
475211948	1308.293548
475211952	1610.62871
475211956	1790.630968
475211960	1695.201613
475211964	1629.614516
475211968	1539.305484
475211972	1763.41129
475211981	1620.583871
475211985	1620.62
475211989	1644.252903
475211993	1734.905484
475211997	2185.564839
475212002	2866.540323
475212006	3286.799355
475212014	3816.383871
475212018	3096.531613
475212022	2985.230323
475212027	2243.320323
475611739	4015.006452
475611743	3957.140968
475611748	3903.303871
475611756	4784.892581
475611760	3942.289355
475611764	4675.536129
475611768	4683.592903
475611773	4829.115161
475611777	4729.718387
475611781	3884.623871
475611785	4677.423871
475611789	4744.774516
475611793	4277.25129
475611798	3771.952581
475611802	3471.672903
475611806	3220.379032
475611810	3130.271935
475611814	3054.67871
475611818	2409.19871
475611823	2997.975161
475611827	2986.595806
475611831	3041.121613
475611835	2904.274839
475611839	2756.543548
475611848	2690.779032
475611852	2637.799355
475611860	2382.77129
475611864	2219.832258
475611868	2100.500968
475611873	824.583871
475611877	819.776129
475611881	2005.074839
475611885	1954.005161
475611889	1829.537097
475611893	1721.758065
475611898	1671.055161
475611902	777.3967742
475611906	1708.072581
475611910	1698.497097
475611914	1648.091613
475611918	1549.770323
475611923	1667.473548
475611927	1673.362258
475611948	1886.529677
475611952	2269.266129
475611956	2283.54129
475611960	2113.553548
475611964	1805.856774
475611972	1727.467097
475611977	1883.220645
475611981	1731.853226
475611985	1590.418065
475611989	1596.359032
475611993	1625.087419
475611997	1849.725484
475612002	1878.881935
475612006	3308.806452
475612014	3863.256774
475612018	3203.665161
476011748	3889.44129
476011752	3839.553226
476011756	3849.195806
476011760	3933.849355
476011764	3978.923226
476011768	3999.990645
476011773	3938.828387
476011777	3886.41871
476011781	3899.969355
476011785	4638.389677
476011789	4535.760323
476011793	4034.007097
476011798	3669.18129
476011802	3461.384516
476011806	3319.373548
476011810	3207.933226
476011814	3122.493226
476011818	3055.245806
476011823	2997.691935
476011827	3049.894516
476011831	3055.947742
476011835	2408.593226
476011852	2306.150645
476011864	2379.946452
476011868	2288.469677
476011873	2224.672258
476011877	2207.271613
476011881	2211.049677
476011885	2081.591935
476011889	1926.710323
476011893	1811.040968
476011898	787.7432258
476011902	1736.559355
476011906	1744.129032
476011910	1634.527419
476011914	1938.864194
476011939	1886.096129
476011943	2365.332903
476011948	2173.16129
476011952	2183.732258
476011956	2341.389032
476011960	2257.173226
476011964	1850.110645
476011968	1733.062581
476011972	1816.93129
476011977	2052.600323
476011981	1761.983871
476011985	1574.887742
476011989	1568.894516
476011993	1635.329677
476011997	1789.588065
476012002	1845.056129
476012006	2138.94871
476012010	2801.442258
476012014	3449.365484
476411752	3828.236129
476411756	3830.104516
476411760	3870.419677
476411764	3916.680323
476411768	3961.994194
476411773	3977.866452
476411777	3982.907097
476411781	4640.297419
476411785	4592.894839
476411789	4456.816129
476411793	4044.006452
476411798	3765.953871
476411802	3576.054194
476411806	3402.454194
476411810	3329.707097
476411814	3217.858387
476411818	3156.980968
476411823	3080.343871
476411827	3061.277097
476411856	2257.646129
476411860	2539.964839
476411864	2512.905806
476411868	2460.324194
476411873	2429.39871
476411877	2390.621613
476411881	2294.160968
476411885	2134.844194
476411889	1963.075484
476411893	1803.46
476411898	1757.567419
476411902	1811.400645
476411906	1660.953871
476411910	1971.24
476411914	1593.950323
476411918	1744.040968
476411923	1774.584516
476411927	1666.402581
476411935	2199.067419
476411939	2451.542581
476411943	2453.994194
476411948	2197.363226
476411952	2232.380323
476411956	2223.094839
476411960	2357.468387
476411968	1865.499355
476411972	1882.716452
476411977	1838.584516
476411981	1778.756774
476411985	1688.612903
476411989	1680.310323
476411993	1834.97
476411997	2048.869355
476412002	2000.009355
476412006	3288.493548
476412010	3314.420645
476412014	3382.696129
476412018	3061.703871
476811756	3857.782258
476811760	3805.902258
476811764	3876.199032
476811768	3925.112581
476811773	3980.004516
476811777	4746.902581
476811781	4722.022903
476811785	4629.58129
476811789	4479.242581
476811793	4392.172258
476811798	4048.571613
476811802	3755.037097
476811806	3522.980645
476811810	3429.901935
476811814	3397.54129
476811818	3346.327419
476811823	3263.746774
476811848	2320.827742
476811852	2277.664839
476811856	2676.321613
476811860	2639.120645
476811864	2582.231935
476811868	2471.752903
476811873	885.2287097
476811877	2319.153226
476811881	2257.570323
476811885	2086.859032
476811889	1997.923871
476811893	1825.50129
476811898	1843.344839
476811902	1821.46
476811906	1738.674516
476811910	1737.152903
476811914	1890.895161
476811918	1995.355484
476811923	2021.263226
476811931	2195.694194
476811935	2528.193871
476811939	2479.342581
476811943	2210.414839
476811948	2219.502258
476811952	2259.807419
476811964	2200.797419
476811968	2248.040968
476811972	2251.209677
476811977	1928.979355
476811981	1908.544516
476811985	1881.714516
476811989	1872.773548
476811993	2678.144516
476811997	2904.254839
476812002	3260.706129
476812006	3401.632258
476812010	3505.587742
476812014	3795.609677
476812018	2854.683548
476812022	1563.766774
477211756	3836.595806
477211760	3885.963871
477211764	3933.876774
477211768	3960.267097
477211773	3979.032258
477211777	4774.052258
477211781	4862.335161
477211785	4732.881613
477211789	4496.8
477211793	4417.842903
477211798	4192.125806
477211802	3850.235806
477211806	3520.003871
477211810	3575.775484
477211814	3677.952903
477211818	3488.552903
477211823	3304.403871
477211835	2448.078065
477211848	2394.753871
477211852	2872.772258
477211856	2776.77
477211860	2726.333871
477211864	2692.232903
477211868	2522.879355
477211873	2386.717097
477211877	2288.965484
477211881	2213.060968
477211885	2148.773226
477211889	1981.806129
477211893	1916.052581
477211898	1918.599677
477211902	1959.992581
477211906	2082.020323
477211910	2457.525806
477211914	2501.638065
477211918	2309.823548
477211923	804.0177419
477211927	1889.033226
477211931	2441.69
477211935	2242.434516
477211939	2231.882258
477211943	2206.799355
477211948	2232.090323
477211952	2275.646129
477211956	2425.95129
477211960	2249.980323
477211964	2314.399032
477211968	2339.923226
477211972	2341.182903
477211977	2329.269032
477211981	2052.958065
477211985	2053.708065
477211989	2087.667419
477211993	3533.167097
477211997	3851.277419
477212002	3987.482258
477212006	3854.092258
477212010	3803.597742
477212014	3274.170968
477212018	1691.634516
477212022	1556.187419
477711760	3946.193871
477711764	4013.266774
477711768	4044.805161
477711773	4003.803871
477711777	4834.77
477711781	4871.360323
477711785	4731.855484
477711789	4279.914839
477711793	4215.732258
477711798	4368.913226
477711802	4072.261613
477711806	3121.137097
477711810	3304.724516
477711814	3761.652581
477711818	3570.986129
477711823	3102.695161
477711831	2576.904839
477711835	2616.119355
477711839	2527.746452
477711852	2382.457742
477711856	2793.708387
477711860	2681.62
477711864	2662.706774
477711868	2577.771613
477711873	2494.69
477711877	2517.078065
477711881	2450.850968
477711885	2267.574839
477711889	2234.381935
477711893	2329.47129
477711898	2484.159032
477711902	2488.945161
477711906	2472.928065
477711910	2651.508387
477711914	2459.738065
477711918	824.8164516
477711927	808.2519355
477711931	2243.186774
477711935	2250.374194
477711939	2280.729032
477711948	2255.534839
477711952	2314.987097
477711956	2510.220323
477711960	2391.594516
477711964	2460.072903
477711968	2452.815161
477711972	2399.990968
477711977	2396.986129
477711981	2444.199355
477711985	2201.203871
477711989	2338.829032
477711993	4292.852258
477711997	3759.575806
477712006	1570.392581
477712010	1543.655806
477712014	1712.673226
477712018	2758.589355
478111768	3963.442258
478111773	3814.455484
478111777	3453.163226
478111781	3392.962903
478111785	3398.683226
478111789	3240.04
478111793	3254.028065
478111798	3399.350968
478111802	3154.186452
478111806	3091.193548
478111814	3516.566774
478111818	4073.366129
478111823	3536.171613
478111827	2776.178065
478111848	2405.976129
478111852	2985.281613
478111856	2929.876129
478111860	2852.329677
478111864	2787.907097
478111868	2734.85129
478111873	2697.5
478111877	2667.429677
478111881	2580.59871
478111885	2461.746129
478111889	2760.367097
478111893	2997.685806
478111898	3173.567742
478111902	2859.03
478111906	2536.138065
478111910	2357.900645
478111914	820.1545161
478111923	810.5635484
478111927	2189.665161
478111931	2210.561935
478111935	2207.421613
478111939	2199.873548
478111943	2237.034839
478111948	2285.648065
478111952	2361.866774
478111956	2418.34129
478111960	2467.987097
478111964	2484.610645
478111968	2469.811613
478111972	2414.123226
478111977	2410.485806
478111981	2878.67129
478111985	2297.686452
478111989	2474.654839
478111997	2569.809032
478112002	2877.661935
478112010	1486.634516
478511814	2520.177419
478511818	3778.233548
478511823	4530.256774
478511827	3976.639677
478511831	3269.299355
478511848	2285.841935
478511852	2534.775484
478511856	2891.547742
478511860	3174.305806
478511864	3284.989355
478511868	3316.890968
478511873	2994.384516
478511877	3013.05871
478511881	3123.457419
478511885	3412.098065
478511889	3524.420968
478511893	3419.991613
478511898	3100.49871
478511902	2717.450645
478511906	2127.045484
478511927	2292.87129
478511931	2303.841613
478511935	2176.844839
478511939	2316.609677
478511943	2270.512581
478511948	2322.472258
478511952	2388.931935
478511956	2421.415484
478511960	2425.968065
478511964	2439.100968
478511968	2432.699677
478511972	2418.915806
478511977	2416.556452
478511981	3020.524516
478511985	3463.389032
478511993	1708.475806
478512002	2889.059032
478911823	4328.688387
478911827	3207.190323
478911831	2687.026774
478911856	2089.226452
478911860	2261.72
478911864	2508.752258
478911868	2435.038387
478911873	2197.850323
478911881	2099.845484
478911885	3067.404839
478911889	3499.134839
478911893	2918.706129
478911898	2823.659032
478911906	2395.989032
478911923	2352.459677
478911927	2345.396452
478911931	2320.925161
478911935	2298.577419
478911939	2322.542581
478911943	2623.552903
478911948	2310.078387
478911952	2341.394194
478911956	2366.045161
478911960	2399.797419
478911964	2408.89
478911968	2410.828065
478911972	2440.868065
478911977	2506.312581
478911981	3282.851935
478911985	3265.870645
478911993	3185.260968
478912006	1628.437097
478912010	2565.434516
478912014	2426.939677
479311885	1352.836452
479311927	2288.222581
479311931	2446.463871
479311935	2449.553548
479311939	2419.82
479311943	2440.939355
479311948	2634.774839
479311952	2667.280323
479311956	2809.985484
479311960	2367.218387
479311964	2298.404839
479311968	2862.574194
479311972	2930.042581
479311977	3315.056129
479311981	3234.546774
479711914	2557.765484
479711918	2665.286452
479711923	2671.825161
479711927	2317.711613
479711931	2520.857419
479711935	2568.510323
479711939	2271.57871
479711943	2287.439677
479711948	2313.362903
479711952	2387.617097
479711956	2466.072258
479711960	2370.393871
479711964	2397.330323
479711968	2673.874516
479711972	3228.287097
479711977	3598.304194
479711981	3295.484839
480211910	2976.216129
480211914	2794.918387
480211918	2546.122258
480211923	2686.823548
480211927	2360.944516
480211931	2279.758065
480211939	2282.72129
480211943	2377.496452
480211948	2478.567419
480211952	2458.438387
480211956	2372.666774
480211960	2401.456129
480211964	2383.074516
480211972	3110.186774
480211977	3718.320323
480211981	3208.143226
480211985	2960.782903
480611910	3126.252258
480611923	2508.589677
480611927	2408.651935
480611948	2898.748065
480611952	2333.845161
480611956	2703.348387
480611960	3043.013871
480611964	2479.668065
480611972	2284.173226
480611977	2617.839032
480611981	2985.730645
480611985	1687.464194
480611989	1773.398065
481011918	2055.229032
481011923	2024.490645
481011927	2480.582903
481011935	2744.412903
481011952	3097.011935
481011956	3283.950968
481011960	3092.468387
481011964	2550.895484
481011968	1981.671613
481011981	1876.823548
481011985	1925.52
481411939	2997.791613
481411952	3361.155484
481411956	3357.212581
481411960	3166.419677
481411964	2628.580645
481411968	1789.096129
481411972	1839.178387
481411977	1848.906452
481811939	3193.806129
481811943	3584.733871
481811948	3476.8
481811952	3458.163548
481811968	1845.494516
481811972	1909.117097
482211943	3733.98129
482211948	3669.435806
482211952	3586.985806
482211972	2437.013226
483111952	3529.261613
483111968	1975.630645
483511948	2858.849355
483511952	2878.253871
483511956	2671.776774
483511968	2019.146452
483911948	2583.72871
483911956	1825.040968
484311948	1800.386129
484311952	1858.675484
484311956	1896.575484
485611948	1934.185161
486411931	3410.023871
487211935	2285.383871
488111952	2134.964516
488911943	2742.778387